102.2067
100.1948
101.311
108.5897
101.1435
107.5904
106.756
102.8252
101.4258
106.0917
122.7469
111.5243
114.4966
89.1997
94.0259
100.9498
104.2258
102.52
100.8432
107.2925
92.6105
101.793
116.1304
130.8339
92.5529
99.5971
105.2637
94.3526
126.1056
99.1627
109.1172
119.0378
102.802
101.5544
107.7895
106.1903
114.6039
101.5829
103.5703
104.368
111.4936
104.8179
98.1478
53.1139
102.2701
104.0803
104.7323
102.7186
95.4298
105.6124
106.195
103.3702
107.0542
97.0456
97.4541
108.257
108.7308
99.2741
97.2685
106.6618
137.5486
102.62
101.5663
84.4631
92.7998
100.6773
103.2667
105.6379
98.9374
115.0888
108.7114
116.0703
120.9973
130.0698
99.8044
80.1291
100.2746
105.729
102.7526
104.6289
91.3998
134.0964
103.8317
108.5354
112.3682
78.0448
100.2663
108.7166
120.0066
114.7658
102.5697
95.3827
79.5496
115.763
99.493
99.6587
101.9752
125.9418
97.7088
84.3363
103.8982
94.6106
107.6687
98.6845
88.0976
69.3124
95.757
101.6902
103.991
102.2685